-6222.0 150
-6131.5 90
-6072.0 210
-6178.0 80
-6008.0 150
-6179.0 130
-14662.5 190
-6001.5 100
-6216.5 170
-6342.0 150
-6031.5 230
-5965.0 190
-6581.5 260
-5866.5 180
-6057.0 100
-5751.5 210
-6110.0 120
-6277.5 130
-6976.0 170
-6354.0 150
-6235.5 190
-6182.0 320
-6166.0 120
-5313.5 70
-6008.0 130
-6013.5 170
-6291.0 120
-6088.0 300
-6126.0 90
-6124.0 100
-7519.5 220
-6199.5 90
-6130.5 210
-6419.0 240
-6345.0 170
-6163.0 130
-5937.0 190
-6264.0 190
-6375.5 200
-6199.5 130
-6864.0 410
-6262.5 250
